1,q,0,150,108,150
2,w,108,150,108,150
3,e,216,150,108,150
4,r,324,150,108,150
5,t,432,150,108,150
6,y,540,150,108,150
7,u,648,150,108,150
8,i,756,150,108,150
9,o,864,150,108,150
10,p,972,150,108,150
11,a,54,300,108,150
12,s,162,300,108,150
13,d,270,300,108,150
14,f,378,300,108,150
15,g,486,300,108,150
16,h,594,300,108,150
17,j,702,300,108,150
18,k,810,300,108,150
19,l,918,300,108,150
-1,,0,450,162,150
20,z,162,450,108,150
21,x,270,450,108,150
22,c,378,450,108,150
23,v,486,450,108,150
24,b,594,450,108,150
25,n,702,450,108,150
26,m,810,450,108,150
-5,del,918,450,162,150
-3,,0,600,216,150
-2,,216,600,162,150
32, ,378,600,324,150
46,,702,600,162,150
111,ret,864,600,216,150
1001,null,0,0,360,150
1002,null,360,0,360,150
1003,null,720,0,360,150